Validation Metrics:
Accuracy: 0.0729166641831398
F1 Score: 0.07291661947965622
Precision: 0.0729166641831398
MAE: 97.15201568603516
MSE: 4489.6123046875
