Validation Metrics:
Accuracy: 1.0
F1 Score: 1.0
Precision: 1.0
MAE: 96.41619873046875
MSE: 500.2158508300781
