Validation Metrics:
Accuracy: 1.0
F1 Score: 1.0
Precision: 1.0
MAE: 98.92181396484375
MSE: 1425.9515380859375
